image: map_langsenkamp.png
resolution: 0.246766
origin: [ -148.087050, -179.1198, 0.000000 ]
negate: 0
occupied_thresh: 0.65
free_thresh: 0.196
