image: map_langsenkamp.png
resolution: 0.246766
origin: [ -163.08705, -172.1198, 0 ]
negate: 0
occupied_thresh: 0.65
free_thresh: 0.196
