image: map_langsenkamp_v4.png
resolution: 0.127300
#origin: [ -262.5449, -137.9824, 0.00000 ] #centre no rotation
origin: [ -362.50, -132.0, 0.00000 ] #centre no rotation
negate: 0
occupied_thresh: 0.65
free_thresh: 0.196
